function mpc = testcase

mpc.version = '2';

mpc.baseMVA = 100;

mpc.bus = [
1	0	0	0	0	0	1	1	0	135	1	1.05	0.95;	
2	0	1236.9000000000012	0	0	0	1	1	0	135	1	1.1	0.95;	
3	0	136.80000000000015	0	0	0	1	1	0	135	1	1.05	0.95;	
4	0	433.2000000000004	0	0	0	1	1	0	135	1	1.05	0.95;	
5	0	0	0	0	0.19	1	1	0	135	1	1.05	0.95;	
6	0	0	0	0	0	1	1	0	135	1	1.05	0.95;	
7	0	1299.5999999999988	0	0	0	1	1	0	135	1	1.05	0.95;	
8	0	1710	0	0	0	1	1	0	135	1	1.05	0.95;	
9	0	0	0	0	0	1	1	0	135	1	1.05	0.95;	
10	0	330.6000000000003	0	0	0	3	1	0	135	1	1.05	0.95;	
11	0	0	0	0	0	1	1	0	135	1	1.05	0.95;	
12	0	638.4000000000002	0	0	0	2	1	0	135	1	1.05	0.95;	
13	0	0	0	0	0	2	1	0	135	1	1.1	0.95;	
14	0	353.39999999999964	0	0	0	2	1	0	135	1	1.05	0.95;	
15	0	467.3999999999996	0	0	0	2	1	0	135	1	1.05	0.95;	
16	0	199.5	0	0	0	2	1	0	135	1	1.05	0.95;	
17	0	513	0	0	0	2	1	0	135	1	1.05	0.95;	
18	0	182.39999999999986	0	0	0	2	1	0	135	1	1.05	0.95;	
19	0	541.5	0	0	0	2	1	0	135	1	1.05	0.95;	
20	0	125.4000000000001	0	0	0	2	1	0	135	1	1.05	0.95;	
21	0	997.5	0	0	0	3	1	0	135	1	1.05	0.95;	
22	0	0	0	0	0	3	1	0	135	1	1.1	0.95;	
23	0	182.39999999999986	0	0	0	2	1	0	135	1	1.1	0.95;	
24	0	495.8999999999996	0	0	0.04	3	1	0	135	1	1.05	0.95;	
25	0	0	0	0	0	3	1	0	135	1	1.05	0.95;	
26	0	199.5	0	0	0	3	1	0	135	1	1.05	0.95;	
27	0	0	0	0	0	3	1	0	135	1	1.1	0.95;	
28	0	0	0	0	0	1	1	0	135	1	1.05	0.95;	
29	0	136.80000000000015	0	0	0	3	1	0	135	1	1.05	0.95;	
30	0	604.2000000000006	0	0	0	3	1	0	135	1	1.05	0.95;	
];

mpc.gen = [
27	31.062686567164175	0	48.7	-15	1	100	1	55	0	0	0	0	0	0	0	0	0	0	0	0;	
1	45.1820895522388	0	150	-20	1	100	1	80	0	0	0	0	0	0	0	0	0	0	0	0;	
23	16.94328358208955	0	40	-10	1	100	1	30	0	0	0	0	0	0	0	0	0	0	0	0;	
2	45.1820895522388	0	60	-20	1	100	1	80	0	0	0	0	0	0	0	0	0	0	0	0;	
13	22.5910447761194	0	44.7	-15	1	100	1	40	0	0	0	0	0	0	0	0	0	0	0	0;	
22	28.23880597014925	0	62.5	-15	1	100	1	50	0	0	0	0	0	0	0	0	0	0	0	0;
];

mpc.branch = [
27	30	0.32	0.6	0	16	16	16	0	0	0	-360	360;	
1	3	0.05	0.19	0.02	130	130	130	0	0	0	-360	360;	
9	10	0	0.11	0	65	65	65	0	0	0	-360	360;	
14	15	0.22	0.2	0	16	16	16	0	0	1	-360	360;	
27	29	0.22	0.42	0	16	16	16	0	0	0	-360	360;	
21	22	0.01	0.02	0	32	32	32	0	0	1	-360	360;	
4	6	0.01	0.04	0	90	90	90	0	0	0	-360	360;	
10	22	0.07	0.15	0	32	32	32	0	0	0	-360	360;	
28	27	0	0.4	0	65	65	65	0	0	0	-360	360;	
6	8	0.01	0.04	0	32	32	32	0	0	1	-360	360;	
18	19	0.06	0.13	0	16	16	16	0	0	1	-360	360;	
6	10	0	0.56	0	32	32	32	0	0	0	-360	360;	
19	20	0.03	0.07	0	32	32	32	0	0	1	-360	360;	
5	7	0.05	0.12	0.01	70	70	70	0	0	0	-360	360;	
10	21	0.03	0.07	0	32	32	32	0	0	0	-360	360;	
6	28	0.02	0.06	0.01	32	32	32	0	0	1	-360	360;	
25	27	0.11	0.21	0	16	16	16	0	0	0	-360	360;	
6	9	0	0.21	0	65	65	65	0	0	1	-360	360;	
2	4	0.06	0.17	0.02	65	65	65	0	0	1	-360	360;	
1	2	0.02	0.06	0.03	130	130	130	0	0	1	-360	360;	
6	7	0.03	0.08	0.01	130	130	130	0	0	0	-360	360;	
10	20	0.09	0.21	0	32	32	32	0	0	0	-360	360;	
12	15	0.07	0.13	0	32	32	32	0	0	0	-360	360;	
12	16	0.09	0.2	0	32	32	32	0	0	1	-360	360;	
10	17	0.03	0.08	0	32	32	32	0	0	0	-360	360;	
2	6	0.06	0.18	0.02	65	65	65	0	0	1	-360	360;	
12	13	0	0.14	0	65	65	65	0	0	1	-360	360;	
23	24	0.13	0.27	0	16	16	16	0	0	1	-360	360;	
24	25	0.19	0.33	0	16	16	16	0	0	0	-360	360;	
22	24	0.12	0.18	0	16	16	16	0	0	0	-360	360;	
15	18	0.11	0.22	0	16	16	16	0	0	1	-360	360;	
29	30	0.24	0.45	0	16	16	16	0	0	0	-360	360;	
8	28	0.06	0.2	0.02	32	32	32	0	0	1	-360	360;	
3	4	0.01	0.04	0	130	130	130	0	0	1	-360	360;	
12	14	0.12	0.26	0	32	32	32	0	0	0	-360	360;	
16	17	0.08	0.19	0	16	16	16	0	0	1	-360	360;	
25	26	0.25	0.38	0	16	16	16	0	0	0	-360	360;	
15	23	0.1	0.2	0	16	16	16	0	0	1	-360	360;	
9	11	0	0.21	0	65	65	65	0	0	1	-360	360;	
2	5	0.05	0.2	0.02	130	130	130	0	0	1	-360	360;	
4	12	0	0.26	0	65	65	65	0	0	0	-360	360;
];

mpc.areas = [
	1	1;
];


